0xbde5935634469fb8090cff5c891b5f99b4a679ed,0,0,933230655266413402909,0,0,0,0,933230655266413402909,0,933230655266413402909